time	x	y	r_ag	h_ag	r_bg	h_bg	growth	ag_resources	bg_resources	inc_r_ag	inc_h_ag	inc_r_bg	inc_h_bg	w_r_ag	w_h_ag	w_r_bg	w_h_bg
0	10	11	0.005	0.01	0.005	0.01	NaN	NaN	NaN	NaN	NaN	NaN	NaN	NaN	NaN	NaN	NaN
86400	10	11	0.0098384	0.0293536	0.0081104	0.0172576	0.03456	1	1	0.0048384	0.0193536	0.0031104	0.0072576	0.14	0.56	0.09	0.21
172800	10	11	0.0146768	0.0487072	0.0112208	0.0245152	0.03456	1	1	0.0048384	0.0193536	0.0031104	0.0072576	0.14	0.56	0.09	0.21
259200	10	11	0.0195152	0.0680608	0.0143312	0.0317728	0.03456	1	1	0.0048384	0.0193536	0.0031104	0.0072576	0.14	0.56	0.09	0.21
345600	10	11	0.0243536	0.0874144	0.0174416	0.0390304	0.03456	1	1	0.0048384	0.0193536	0.0031104	0.0072576	0.14	0.56	0.09	0.21
432000	10	11	0.029192	0.106768	0.020552	0.046288	0.03456	1	1	0.0048384	0.0193536	0.0031104	0.0072576	0.14	0.56	0.09	0.21
518400	10	11	0.0340304	0.126121599	0.0236624	0.0535456	0.034559999	1	1	0.0048384	0.0193536	0.0031104	0.0072576	0.14	0.56	0.09	0.21
604800	10	11	0.0388688	0.145475199	0.0267728	0.0608032	0.034559999	1	1	0.0048384	0.019353599	0.0031104	0.0072576	0.14	0.56	0.09	0.21
691200	10	11	0.043707199	0.164828798	0.0298832	0.068060799	0.034559999	1	1	0.0048384	0.019353599	0.0031104	0.0072576	0.14	0.56	0.09	0.21
777600	10	11	0.048545599	0.184182397	0.032993599	0.075318399	0.034559998	1	1	0.0048384	0.019353599	0.0031104	0.0072576	0.14	0.56	0.09	0.21
864000	10	11	0.053383999	0.203535995	0.036103999	0.082575998	0.034559997	1	1	0.0048384	0.019353598	0.0031104	0.007257599	0.14	0.56	0.09	0.21
950400	10	11	0.058222398	0.222889593	0.039214399	0.089833597	0.034559996	1	1	0.004838399	0.019353598	0.0031104	0.007257599	0.14	0.56	0.09	0.21
1036800	10	11	0.063060798	0.24224319	0.042324798	0.097091196	0.034559995	1	1	0.004838399	0.019353597	0.0031104	0.007257599	0.14	0.56	0.09	0.21
1123200	10	11	0.067899197	0.261596787	0.045435198	0.104348795	0.034559994	1	1	0.004838399	0.019353597	0.003110399	0.007257599	0.14	0.56	0.09	0.21
1209600	10	11	0.072737596	0.280950383	0.048545597	0.111606394	0.034559992	1	1	0.004838399	0.019353596	0.003110399	0.007257598	0.14	0.56	0.09	0.21
1296000	10	11	0.077575994	0.300303977	0.051655996	0.118863992	0.034559991	1	1	0.004838399	0.019353595	0.003110399	0.007257598	0.14	0.56	0.09	0.21
1382400	10	11	0.082414393	0.319657571	0.054766395	0.126121589	0.034559988	1	1	0.004838398	0.019353594	0.003110399	0.007257598	0.14	0.56	0.09	0.21
1468800	10	11	0.087252791	0.339011163	0.057876794	0.133379186	0.034559986	1	1	0.004838398	0.019353592	0.003110399	0.007257597	0.14	0.56	0.09	0.21
1555200	10	11	0.092091188	0.358364754	0.060987193	0.140636783	0.034559984	1	1	0.004838398	0.019353591	0.003110399	0.007257597	0.14	0.56	0.09	0.21
1641600	10	11	0.096929586	0.377718343	0.064097591	0.147894379	0.034559981	1	1	0.004838397	0.019353589	0.003110398	0.007257596	0.14	0.56	0.09	0.21
1728000	10	11	0.101767983	0.39707193	0.067207989	0.155151974	0.034559977	1	1	0.004838397	0.019353587	0.003110398	0.007257595	0.14	0.56	0.09	0.21
1814400	10	11	0.106606379	0.416425516	0.070318386	0.162409568	0.034559974	1	1	0.004838396	0.019353585	0.003110398	0.007257595	0.14	0.56	0.09	0.21
1900800	10	11	0.111444775	0.435779099	0.073428784	0.169667162	0.03455997	1	1	0.004838396	0.019353583	0.003110397	0.007257594	0.14	0.56	0.09	0.21
1987200	10	11	0.11628317	0.45513268	0.076539181	0.176924755	0.034559966	1	1	0.004838395	0.019353581	0.003110397	0.007257593	0.14	0.56	0.09	0.21
2073600	10	11	0.121121564	0.474486258	0.079649577	0.184182347	0.034559961	1	1	0.004838395	0.019353578	0.003110396	0.007257592	0.14	0.56	0.09	0.21
2160000	10	11	0.125959958	0.493839833	0.082759973	0.191439937	0.034559956	1	1	0.004838394	0.019353575	0.003110396	0.007257591	0.14	0.56	0.09	0.21
2246400	10	11	0.130798351	0.513193405	0.085870369	0.198697527	0.03455995	1	1	0.004838393	0.019353572	0.003110396	0.00725759	0.14	0.56	0.09	0.21
2332800	10	11	0.135636744	0.532546974	0.088980764	0.205955115	0.034559944	1	1	0.004838392	0.019353569	0.003110395	0.007257588	0.14	0.56	0.09	0.21
2419200	10	11	0.140475135	0.55190054	0.092091158	0.213212702	0.034559938	1	1	0.004838391	0.019353565	0.003110394	0.007257587	0.14	0.56	0.09	0.21
2505600	10	11	0.145313525	0.571254101	0.095201552	0.220470288	0.034559931	1	1	0.00483839	0.019353561	0.003110394	0.007257586	0.14	0.56	0.09	0.21
2592000	10	11	0.150151915	0.590607658	0.098311945	0.227727872	0.034559924	1	1	0.004838389	0.019353557	0.003110393	0.007257584	0.14	0.56	0.09	0.21
2678400	10	11	0.154990303	0.609961211	0.101422337	0.234985454	0.034559916	1	1	0.004838388	0.019353553	0.003110392	0.007257582	0.14	0.56	0.09	0.21
2764800	10	11	0.15982869	0.629314759	0.104532729	0.242243035	0.034559907	1	1	0.004838387	0.019353548	0.003110392	0.007257581	0.14	0.56	0.09	0.21
2851200	10	11	0.164667076	0.648668302	0.10764312	0.249500613	0.034559898	1	1	0.004838386	0.019353543	0.003110391	0.007257579	0.14	0.56	0.09	0.21
2937600	10	11	0.16950546	0.66802184	0.11075351	0.25675819	0.034559889	1	1	0.004838384	0.019353538	0.00311039	0.007257577	0.14	0.56	0.09	0.21
3024000	10	11	0.174343843	0.687375372	0.113863899	0.264015765	0.034559879	1	1	0.004838383	0.019353532	0.003110389	0.007257575	0.14	0.56	0.09	0.21
3110400	10	11	0.179182225	0.706728898	0.116974287	0.271273337	0.034559868	1	1	0.004838382	0.019353526	0.003110388	0.007257572	0.14	0.56	0.09	0.21
3196800	10	11	0.184020604	0.726082418	0.120084674	0.278530907	0.034559857	1	1	0.00483838	0.01935352	0.003110387	0.00725757	0.14	0.56	0.09	0.21
3283200	10	11	0.188858983	0.745435931	0.12319506	0.285788474	0.034559845	1	1	0.004838378	0.019353513	0.003110386	0.007257567	0.14	0.56	0.09	0.21
3369600	10	11	0.193697359	0.764789437	0.126305445	0.293046039	0.034559832	1	1	0.004838376	0.019353506	0.003110385	0.007257565	0.14	0.56	0.09	0.21
3456000	10	11	0.198535734	0.784142935	0.129415829	0.300303601	0.034559819	1	1	0.004838375	0.019353499	0.003110384	0.007257562	0.14	0.56	0.09	0.21
3542400	10	11	0.203374107	0.803496426	0.132526211	0.30756116	0.034559805	1	1	0.004838373	0.019353491	0.003110382	0.007257559	0.14	0.56	0.09	0.21
3628800	10	11	0.208212477	0.822849909	0.135636592	0.314818716	0.03455979	1	1	0.004838371	0.019353483	0.003110381	0.007257556	0.14	0.56	0.09	0.21
3715200	10	11	0.213050846	0.842203383	0.138746972	0.322076268	0.034559775	1	1	0.004838368	0.019353474	0.00311038	0.007257553	0.14	0.56	0.09	0.21
3801600	10	11	0.217889212	0.861556848	0.141857351	0.329333818	0.034559759	1	1	0.004838366	0.019353465	0.003110378	0.007257549	0.14	0.56	0.09	0.21
3888000	10	11	0.222727576	0.880910303	0.144967727	0.336591364	0.034559742	1	1	0.004838364	0.019353456	0.003110377	0.007257546	0.14	0.56	0.09	0.21
3974400	10	11	0.227565937	0.900263749	0.148078102	0.343848906	0.034559724	1	1	0.004838361	0.019353446	0.003110375	0.007257542	0.14	0.56	0.09	0.21
4060800	10	11	0.232404296	0.919617184	0.151188476	0.351106444	0.034559706	1	1	0.004838359	0.019353435	0.003110374	0.007257538	0.14	0.56	0.09	0.21
4147200	10	11	0.237242652	0.938970609	0.154298848	0.358363978	0.034559687	1	1	0.004838356	0.019353425	0.003110372	0.007257534	0.14	0.56	0.09	0.21
4233600	10	11	0.242081006	0.958324022	0.157409218	0.365621508	0.034559667	1	1	0.004838353	0.019353413	0.00311037	0.00725753	0.14	0.56	0.09	0.21
4320000	10	11	0.246919356	0.977677424	0.160519586	0.372879034	0.034559646	1	1	0.00483835	0.019353402	0.003110368	0.007257526	0.14	0.56	0.09	0.21
4406400	10	11	0.251757703	0.997030813	0.163629952	0.380136555	0.034559624	1	1	0.004838347	0.01935339	0.003110366	0.007257521	0.14	0.56	0.09	0.21
4492800	10	11	0.256596048	1.01638419	0.166740316	0.387394071	0.034559602	1	1	0.004838344	0.019353377	0.003110364	0.007257516	0.14	0.56	0.09	0.21
4579200	10	11	0.261434389	1.035737554	0.169850678	0.394651583	0.034559578	1	1	0.004838341	0.019353364	0.003110362	0.007257511	0.14	0.56	0.09	0.21
4665600	10	11	0.266272726	1.055090904	0.172961038	0.401909089	0.034559554	1	1	0.004838338	0.01935335	0.00311036	0.007257506	0.14	0.56	0.09	0.21
4752000	10	11	0.27111106	1.07444424	0.176071396	0.40916659	0.034559529	1	1	0.004838334	0.019353336	0.003110358	0.007257501	0.14	0.56	0.09	0.21
4838400	10	11	0.27594939	1.093797562	0.179181751	0.416424086	0.034559502	1	1	0.00483833	0.019353321	0.003110355	0.007257496	0.14	0.56	0.09	0.21
4924800	10	11	0.280787717	1.113150868	0.182292104	0.423681575	0.034559475	1	1	0.004838327	0.019353306	0.003110353	0.00725749	0.14	0.56	0.09	0.21
5011200	10	11	0.28562604	1.132504158	0.185402454	0.430939059	0.034559447	1	1	0.004838323	0.01935329	0.00311035	0.007257484	0.14	0.56	0.09	0.21
5097600	10	11	0.290464358	1.151857432	0.188512802	0.438196537	0.034559418	1	1	0.004838319	0.019353274	0.003110348	0.007257478	0.14	0.56	0.09	0.21
5184000	10	11	0.295302672	1.17121069	0.191623147	0.445454009	0.034559388	1	1	0.004838314	0.019353257	0.003110345	0.007257471	0.14	0.56	0.09	0.21
5270400	10	11	0.300140982	1.190563929	0.194733489	0.452711474	0.034559357	1	1	0.00483831	0.01935324	0.003110342	0.007257465	0.14	0.56	0.09	0.21
5356800	10	11	0.304979288	1.209917151	0.197843828	0.459968932	0.034559325	1	1	0.004838305	0.019353222	0.003110339	0.007257458	0.14	0.56	0.09	0.21
5443200	10	11	0.309817589	1.229270354	0.200954164	0.467226383	0.034559291	1	1	0.004838301	0.019353203	0.003110336	0.007257451	0.14	0.56	0.09	0.21
5529600	10	11	0.314655885	1.248623538	0.204064497	0.474483827	0.034559257	1	1	0.004838296	0.019353184	0.003110333	0.007257444	0.14	0.56	0.09	0.21
5616000	10	11	0.319494176	1.267976702	0.207174827	0.481741263	0.034559222	1	1	0.004838291	0.019353164	0.00311033	0.007257437	0.14	0.56	0.09	0.21
5702400	10	11	0.324332461	1.287329846	0.210285154	0.488998692	0.034559185	1	1	0.004838286	0.019353144	0.003110327	0.007257429	0.14	0.56	0.09	0.21
5788800	10	11	0.329170742	1.306682969	0.213395477	0.496256113	0.034559147	1	1	0.004838281	0.019353123	0.003110323	0.007257421	0.14	0.56	0.09	0.21
5875200	10	11	0.334009017	1.326036069	0.216505797	0.503513526	0.034559109	1	1	0.004838275	0.019353101	0.00311032	0.007257413	0.14	0.56	0.09	0.21
5961600	10	11	0.338847287	1.345389148	0.219616113	0.51077093	0.034559069	1	1	0.00483827	0.019353079	0.003110316	0.007257404	0.14	0.56	0.09	0.21
6048000	10	11	0.343685551	1.364742203	0.222726426	0.518028326	0.034559028	1	1	0.004838264	0.019353055	0.003110312	0.007257396	0.14	0.56	0.09	0.21
6134400	10	11	0.348523809	1.384095235	0.225836734	0.525285713	0.034558985	1	1	0.004838258	0.019353032	0.003110309	0.007257387	0.14	0.56	0.09	0.21
6220800	10	11	0.353362061	1.403448243	0.228947039	0.532543091	0.034558942	1	1	0.004838252	0.019353007	0.003110305	0.007257378	0.14	0.56	0.09	0.21
6307200	10	11	0.358200306	1.422801225	0.23205734	0.539800459	0.034558897	1	1	0.004838246	0.019352982	0.003110301	0.007257368	0.14	0.56	0.09	0.21
6393600	10	11	0.363038545	1.442154182	0.235167636	0.547057818	0.034558851	1	1	0.004838239	0.019352957	0.003110297	0.007257359	0.14	0.56	0.09	0.21
6480000	10	11	0.367876778	1.461507112	0.238277929	0.554315167	0.034558804	1	1	0.004838233	0.01935293	0.003110292	0.007257349	0.14	0.56	0.09	0.21
6566400	10	11	0.372715004	1.480860015	0.241388217	0.561572506	0.034558755	1	1	0.004838226	0.019352903	0.003110288	0.007257339	0.14	0.56	0.09	0.21
6652800	10	11	0.372715004	1.480860015	0.241388217	0.561572506	0.034558706	1	1	0	0	0	0	0.14	0.56	0.09	0.21
6739200	10	11	0.372715004	1.480860015	0.241388217	0.561572506	0.034558706	1	1	0	0	0	0	0.14	0.56	0.09	0.21
6825600	10	11	0.372715004	1.480860015	0.241388217	0.561572506	0.034558706	1	1	0	0	0	0	0.14	0.56	0.09	0.21
6912000	10	11	0.372715004	1.480860015	0.241388217	0.561572506	0.034558706	1	1	0	0	0	0	0.14	0.56	0.09	0.21
6998400	10	11	0.372715004	1.480860015	0.241388217	0.561572506	0.034558706	1	1	0	0	0	0	0.14	0.56	0.09	0.21
7084800	10	11	0.372715004	1.480860015	0.241388217	0.561572506	0.034558706	1	1	0	0	0	0	0.14	0.56	0.09	0.21
7171200	10	11	0.372715004	1.480860015	0.241388217	0.561572506	0.034558706	1	1	0	0	0	0	0.14	0.56	0.09	0.21
7257600	10	11	0.372715004	1.480860015	0.241388217	0.561572506	0.034558706	1	1	0	0	0	0	0.14	0.56	0.09	0.21
7344000	10	11	0.372715004	1.480860015	0.241388217	0.561572506	0.034558706	1	1	0	0	0	0	0.14	0.56	0.09	0.21
7430400	10	11	0.372715004	1.480860015	0.241388217	0.561572506	0.034558706	1	1	0	0	0	0	0.14	0.56	0.09	0.21
7516800	10	11	0.372715004	1.480860015	0.241388217	0.561572506	0.034558706	1	1	0	0	0	0	0.14	0.56	0.09	0.21
7603200	10	11	0.372715004	1.480860015	0.241388217	0.561572506	0.034558706	1	1	0	0	0	0	0.14	0.56	0.09	0.21
7689600	10	11	0.372715004	1.480860015	0.241388217	0.561572506	0.034558706	1	1	0	0	0	0	0.14	0.56	0.09	0.21
7776000	10	11	0.372715004	1.480860015	0.241388217	0.561572506	0.034558706	1	1	0	0	0	0	0.14	0.56	0.09	0.21
7862400	10	11	0.372715004	1.480860015	0.241388217	0.561572506	0.034558706	1	1	0	0	0	0	0.14	0.56	0.09	0.21
7948800	10	11	0.372715004	1.480860015	0.241388217	0.561572506	0.034558706	1	1	0	0	0	0	0.14	0.56	0.09	0.21
8035200	10	11	0.372715004	1.480860015	0.241388217	0.561572506	0.034558706	1	1	0	0	0	0	0.14	0.56	0.09	0.21
8121600	10	11	0.372715004	1.480860015	0.241388217	0.561572506	0.034558706	1	1	0	0	0	0	0.14	0.56	0.09	0.21
8208000	10	11	0.372715004	1.480860015	0.241388217	0.561572506	0.034558706	1	1	0	0	0	0	0.14	0.56	0.09	0.21
8294400	10	11	0.372715004	1.480860015	0.241388217	0.561572506	0.034558706	1	1	0	0	0	0	0.14	0.56	0.09	0.21
8380800	10	11	0.372715004	1.480860015	0.241388217	0.561572506	0.034558706	1	1	0	0	0	0	0.14	0.56	0.09	0.21
8467200	10	11	0.372715004	1.480860015	0.241388217	0.561572506	0.034558706	1	1	0	0	0	0	0.14	0.56	0.09	0.21
8553600	10	11	0.372715004	1.480860015	0.241388217	0.561572506	0.034558706	1	1	0	0	0	0	0.14	0.56	0.09	0.21
8640000	10	11	0.372715004	1.480860015	0.241388217	0.561572506	0.034558706	1	1	0	0	0	0	0.14	0.56	0.09	0.21
8726400	10	11	0.372715004	1.480860015	0.241388217	0.561572506	0.034558706	1	1	0	0	0	0	0.14	0.56	0.09	0.21
8812800	10	11	0.372715004	1.480860015	0.241388217	0.561572506	0.034558706	1	1	0	0	0	0	0.14	0.56	0.09	0.21
8899200	10	11	0.372715004	1.480860015	0.241388217	0.561572506	0.034558706	1	1	0	0	0	0	0.14	0.56	0.09	0.21
8985600	10	11	0.372715004	1.480860015	0.241388217	0.561572506	0.034558706	1	1	0	0	0	0	0.14	0.56	0.09	0.21
9072000	10	11	0.372715004	1.480860015	0.241388217	0.561572506	0.034558706	1	1	0	0	0	0	0.14	0.56	0.09	0.21
9158400	10	11	0.372715004	1.480860015	0.241388217	0.561572506	0.034558706	1	1	0	0	0	0	0.14	0.56	0.09	0.21
9244800	10	11	0.372715004	1.480860015	0.241388217	0.561572506	0.034558706	1	1	0	0	0	0	0.14	0.56	0.09	0.21
9331200	10	11	0.372715004	1.480860015	0.241388217	0.561572506	0.034558706	1	1	0	0	0	0	0.14	0.56	0.09	0.21
9417600	10	11	0.372715004	1.480860015	0.241388217	0.561572506	0.034558706	1	1	0	0	0	0	0.14	0.56	0.09	0.21
9504000	10	11	0.372715004	1.480860015	0.241388217	0.561572506	0.034558706	1	1	0	0	0	0	0.14	0.56	0.09	0.21
9590400	10	11	0.372715004	1.480860015	0.241388217	0.561572506	0.034558706	1	1	0	0	0	0	0.14	0.56	0.09	0.21
9676800	10	11	0.372715004	1.480860015	0.241388217	0.561572506	0.034558706	1	1	0	0	0	0	0.14	0.56	0.09	0.21
9763200	10	11	0.372715004	1.480860015	0.241388217	0.561572506	0.034558706	1	1	0	0	0	0	0.14	0.56	0.09	0.21
9849600	10	11	0.372715004	1.480860015	0.241388217	0.561572506	0.034558706	1	1	0	0	0	0	0.14	0.56	0.09	0.21
9936000	10	11	0.372715004	1.480860015	0.241388217	0.561572506	0.034558706	1	1	0	0	0	0	0.14	0.56	0.09	0.21
10022400	10	11	0.372715004	1.480860015	0.241388217	0.561572506	0.034558706	1	1	0	0	0	0	0.14	0.56	0.09	0.21
10108800	10	11	0.372715004	1.480860015	0.241388217	0.561572506	0.034558706	1	1	0	0	0	0	0.14	0.56	0.09	0.21
10195200	10	11	0.372715004	1.480860015	0.241388217	0.561572506	0.034558706	1	1	0	0	0	0	0.14	0.56	0.09	0.21
10281600	10	11	0.372715004	1.480860015	0.241388217	0.561572506	0.034558706	1	1	0	0	0	0	0.14	0.56	0.09	0.21
10368000	10	11	0.372715004	1.480860015	0.241388217	0.561572506	0.034558706	1	1	0	0	0	0	0.14	0.56	0.09	0.21
10454400	10	11	0.372715004	1.480860015	0.241388217	0.561572506	0.034558706	1	1	0	0	0	0	0.14	0.56	0.09	0.21
10540800	10	11	0.372715004	1.480860015	0.241388217	0.561572506	0.034558706	1	1	0	0	0	0	0.14	0.56	0.09	0.21
10627200	10	11	0.372715004	1.480860015	0.241388217	0.561572506	0.034558706	1	1	0	0	0	0	0.14	0.56	0.09	0.21
10713600	10	11	0.372715004	1.480860015	0.241388217	0.561572506	0.034558706	1	1	0	0	0	0	0.14	0.56	0.09	0.21
10800000	10	11	0.372715004	1.480860015	0.241388217	0.561572506	0.034558706	1	1	0	0	0	0	0.14	0.56	0.09	0.21
10886400	10	11	0.372715004	1.480860015	0.241388217	0.561572506	0.034558706	1	1	0	0	0	0	0.14	0.56	0.09	0.21
10972800	10	11	0.372715004	1.480860015	0.241388217	0.561572506	0.034558706	1	1	0	0	0	0	0.14	0.56	0.09	0.21
11059200	10	11	0.372715004	1.480860015	0.241388217	0.561572506	0.034558706	1	1	0	0	0	0	0.14	0.56	0.09	0.21
11145600	10	11	0.372715004	1.480860015	0.241388217	0.561572506	0.034558706	1	1	0	0	0	0	0.14	0.56	0.09	0.21
11232000	10	11	0.372715004	1.480860015	0.241388217	0.561572506	0.034558706	1	1	0	0	0	0	0.14	0.56	0.09	0.21
11318400	10	11	0.372715004	1.480860015	0.241388217	0.561572506	0.034558706	1	1	0	0	0	0	0.14	0.56	0.09	0.21
11404800	10	11	0.372715004	1.480860015	0.241388217	0.561572506	0.034558706	1	1	0	0	0	0	0.14	0.56	0.09	0.21
11491200	10	11	0.372715004	1.480860015	0.241388217	0.561572506	0.034558706	1	1	0	0	0	0	0.14	0.56	0.09	0.21
11577600	10	11	0.372715004	1.480860015	0.241388217	0.561572506	0.034558706	1	1	0	0	0	0	0.14	0.56	0.09	0.21
11664000	10	11	0.372715004	1.480860015	0.241388217	0.561572506	0.034558706	1	1	0	0	0	0	0.14	0.56	0.09	0.21
11750400	10	11	0.372715004	1.480860015	0.241388217	0.561572506	0.034558706	1	1	0	0	0	0	0.14	0.56	0.09	0.21
11836800	10	11	0.372715004	1.480860015	0.241388217	0.561572506	0.034558706	1	1	0	0	0	0	0.14	0.56	0.09	0.21
11923200	10	11	0.372715004	1.480860015	0.241388217	0.561572506	0.034558706	1	1	0	0	0	0	0.14	0.56	0.09	0.21
12009600	10	11	0.372715004	1.480860015	0.241388217	0.561572506	0.034558706	1	1	0	0	0	0	0.14	0.56	0.09	0.21
12096000	10	11	0.372715004	1.480860015	0.241388217	0.561572506	0.034558706	1	1	0	0	0	0	0.14	0.56	0.09	0.21
12182400	10	11	0.372715004	1.480860015	0.241388217	0.561572506	0.034558706	1	1	0	0	0	0	0.14	0.56	0.09	0.21
12268800	10	11	0.372715004	1.480860015	0.241388217	0.561572506	0.034558706	1	1	0	0	0	0	0.14	0.56	0.09	0.21
12355200	10	11	0.372715004	1.480860015	0.241388217	0.561572506	0.034558706	1	1	0	0	0	0	0.14	0.56	0.09	0.21
12441600	10	11	0.372715004	1.480860015	0.241388217	0.561572506	0.034558706	1	1	0	0	0	0	0.14	0.56	0.09	0.21
12528000	10	11	0.372715004	1.480860015	0.241388217	0.561572506	0.034558706	1	1	0	0	0	0	0.14	0.56	0.09	0.21
12614400	10	11	0.372715004	1.480860015	0.241388217	0.561572506	0.034558706	1	1	0	0	0	0	0.14	0.56	0.09	0.21
12700800	10	11	0.372715004	1.480860015	0.241388217	0.561572506	0.034558706	1	1	0	0	0	0	0.14	0.56	0.09	0.21
12787200	10	11	0.372715004	1.480860015	0.241388217	0.561572506	0.034558706	1	1	0	0	0	0	0.14	0.56	0.09	0.21
12873600	10	11	0.372715004	1.480860015	0.241388217	0.561572506	0.034558706	1	1	0	0	0	0	0.14	0.56	0.09	0.21
12960000	10	11	0.372715004	1.480860015	0.241388217	0.561572506	0.034558706	1	1	0	0	0	0	0.14	0.56	0.09	0.21
13046400	10	11	0.372715004	1.480860015	0.241388217	0.561572506	0.034558706	1	1	0	0	0	0	0.14	0.56	0.09	0.21
13132800	10	11	0.372715004	1.480860015	0.241388217	0.561572506	0.034558706	1	1	0	0	0	0	0.14	0.56	0.09	0.21
13219200	10	11	0.372715004	1.480860015	0.241388217	0.561572506	0.034558706	1	1	0	0	0	0	0.14	0.56	0.09	0.21
13305600	10	11	0.372715004	1.480860015	0.241388217	0.561572506	0.034558706	1	1	0	0	0	0	0.14	0.56	0.09	0.21
13392000	10	11	0.372715004	1.480860015	0.241388217	0.561572506	0.034558706	1	1	0	0	0	0	0.14	0.56	0.09	0.21
13478400	10	11	0.372715004	1.480860015	0.241388217	0.561572506	0.034558706	1	1	0	0	0	0	0.14	0.56	0.09	0.21
13564800	10	11	0.372715004	1.480860015	0.241388217	0.561572506	0.034558706	1	1	0	0	0	0	0.14	0.56	0.09	0.21
13651200	10	11	0.372715004	1.480860015	0.241388217	0.561572506	0.034558706	1	1	0	0	0	0	0.14	0.56	0.09	0.21
13737600	10	11	0.372715004	1.480860015	0.241388217	0.561572506	0.034558706	1	1	0	0	0	0	0.14	0.56	0.09	0.21
13824000	10	11	0.372715004	1.480860015	0.241388217	0.561572506	0.034558706	1	1	0	0	0	0	0.14	0.56	0.09	0.21
13910400	10	11	0.372715004	1.480860015	0.241388217	0.561572506	0.034558706	1	1	0	0	0	0	0.14	0.56	0.09	0.21
13996800	10	11	0.372715004	1.480860015	0.241388217	0.561572506	0.034558706	1	1	0	0	0	0	0.14	0.56	0.09	0.21
14083200	10	11	0.372715004	1.480860015	0.241388217	0.561572506	0.034558706	1	1	0	0	0	0	0.14	0.56	0.09	0.21
14169600	10	11	0.372715004	1.480860015	0.241388217	0.561572506	0.034558706	1	1	0	0	0	0	0.14	0.56	0.09	0.21
14256000	10	11	0.372715004	1.480860015	0.241388217	0.561572506	0.034558706	1	1	0	0	0	0	0.14	0.56	0.09	0.21
14342400	10	11	0.372715004	1.480860015	0.241388217	0.561572506	0.034558706	1	1	0	0	0	0	0.14	0.56	0.09	0.21
14428800	10	11	0.372715004	1.480860015	0.241388217	0.561572506	0.034558706	1	1	0	0	0	0	0.14	0.56	0.09	0.21
14515200	10	11	0.372715004	1.480860015	0.241388217	0.561572506	0.034558706	1	1	0	0	0	0	0.14	0.56	0.09	0.21
14601600	10	11	0.372715004	1.480860015	0.241388217	0.561572506	0.034558706	1	1	0	0	0	0	0.14	0.56	0.09	0.21
14688000	10	11	0.372715004	1.480860015	0.241388217	0.561572506	0.034558706	1	1	0	0	0	0	0.14	0.56	0.09	0.21
14774400	10	11	0.372715004	1.480860015	0.241388217	0.561572506	0.034558706	1	1	0	0	0	0	0.14	0.56	0.09	0.21
14860800	10	11	0.372715004	1.480860015	0.241388217	0.561572506	0.034558706	1	1	0	0	0	0	0.14	0.56	0.09	0.21
14947200	10	11	0.372715004	1.480860015	0.241388217	0.561572506	0.034558706	1	1	0	0	0	0	0.14	0.56	0.09	0.21
15033600	10	11	0.372715004	1.480860015	0.241388217	0.561572506	0.034558706	1	1	0	0	0	0	0.14	0.56	0.09	0.21
15120000	10	11	0.372715004	1.480860015	0.241388217	0.561572506	0.034558706	1	1	0	0	0	0	0.14	0.56	0.09	0.21
15206400	10	11	0.372715004	1.480860015	0.241388217	0.561572506	0.034558706	1	1	0	0	0	0	0.14	0.56	0.09	0.21
15292800	10	11	0.372715004	1.480860015	0.241388217	0.561572506	0.034558706	1	1	0	0	0	0	0.14	0.56	0.09	0.21
15379200	10	11	0.372715004	1.480860015	0.241388217	0.561572506	0.034558706	1	1	0	0	0	0	0.14	0.56	0.09	0.21
15465600	10	11	0.372715004	1.480860015	0.241388217	0.561572506	0.034558706	1	1	0	0	0	0	0.14	0.56	0.09	0.21
15552000	10	11	0.372715004	1.480860015	0.241388217	0.561572506	0.034558706	1	1	0	0	0	0	0.14	0.56	0.09	0.21
15638400	10	11	0.372715004	1.480860015	0.241388217	0.561572506	0.034558706	1	1	0	0	0	0	0.14	0.56	0.09	0.21
15724800	10	11	0.372715004	1.480860015	0.241388217	0.561572506	0.034558706	1	1	0	0	0	0	0.14	0.56	0.09	0.21
15811200	10	11	0.372715004	1.480860015	0.241388217	0.561572506	0.034558706	1	1	0	0	0	0	0.14	0.56	0.09	0.21
15897600	10	11	0.372715004	1.480860015	0.241388217	0.561572506	0.034558706	1	1	0	0	0	0	0.14	0.56	0.09	0.21
15984000	10	11	0.372715004	1.480860015	0.241388217	0.561572506	0.034558706	1	1	0	0	0	0	0.14	0.56	0.09	0.21
16070400	10	11	0.372715004	1.480860015	0.241388217	0.561572506	0.034558706	1	1	0	0	0	0	0.14	0.56	0.09	0.21
16156800	10	11	0.372715004	1.480860015	0.241388217	0.561572506	0.034558706	1	1	0	0	0	0	0.14	0.56	0.09	0.21
16243200	10	11	0.372715004	1.480860015	0.241388217	0.561572506	0.034558706	1	1	0	0	0	0	0.14	0.56	0.09	0.21
16329600	10	11	0.372715004	1.480860015	0.241388217	0.561572506	0.034558706	1	1	0	0	0	0	0.14	0.56	0.09	0.21
16416000	10	11	0.372715004	1.480860015	0.241388217	0.561572506	0.034558706	1	1	0	0	0	0	0.14	0.56	0.09	0.21
16502400	10	11	0.372715004	1.480860015	0.241388217	0.561572506	0.034558706	1	1	0	0	0	0	0.14	0.56	0.09	0.21
16588800	10	11	0.372715004	1.480860015	0.241388217	0.561572506	0.034558706	1	1	0	0	0	0	0.14	0.56	0.09	0.21
16675200	10	11	0.372715004	1.480860015	0.241388217	0.561572506	0.034558706	1	1	0	0	0	0	0.14	0.56	0.09	0.21
16761600	10	11	0.372715004	1.480860015	0.241388217	0.561572506	0.034558706	1	1	0	0	0	0	0.14	0.56	0.09	0.21
16848000	10	11	0.372715004	1.480860015	0.241388217	0.561572506	0.034558706	1	1	0	0	0	0	0.14	0.56	0.09	0.21
16934400	10	11	0.372715004	1.480860015	0.241388217	0.561572506	0.034558706	1	1	0	0	0	0	0.14	0.56	0.09	0.21
17020800	10	11	0.372715004	1.480860015	0.241388217	0.561572506	0.034558706	1	1	0	0	0	0	0.14	0.56	0.09	0.21
17107200	10	11	0.372715004	1.480860015	0.241388217	0.561572506	0.034558706	1	1	0	0	0	0	0.14	0.56	0.09	0.21
17193600	10	11	0.372715004	1.480860015	0.241388217	0.561572506	0.034558706	1	1	0	0	0	0	0.14	0.56	0.09	0.21
17280000	10	11	0.372715004	1.480860015	0.241388217	0.561572506	0.034558706	1	1	0	0	0	0	0.14	0.56	0.09	0.21
17366400	10	11	0.372715004	1.480860015	0.241388217	0.561572506	0.034558706	1	1	0	0	0	0	0.14	0.56	0.09	0.21
17452800	10	11	0.372715004	1.480860015	0.241388217	0.561572506	0.034558706	1	1	0	0	0	0	0.14	0.56	0.09	0.21
17539200	10	11	0.372715004	1.480860015	0.241388217	0.561572506	0.034558706	1	1	0	0	0	0	0.14	0.56	0.09	0.21
17625600	10	11	0.372715004	1.480860015	0.241388217	0.561572506	0.034558706	1	1	0	0	0	0	0.14	0.56	0.09	0.21
17712000	10	11	0.372715004	1.480860015	0.241388217	0.561572506	0.034558706	1	1	0	0	0	0	0.14	0.56	0.09	0.21
17798400	10	11	0.372715004	1.480860015	0.241388217	0.561572506	0.034558706	1	1	0	0	0	0	0.14	0.56	0.09	0.21
17884800	10	11	0.372715004	1.480860015	0.241388217	0.561572506	0.034558706	1	1	0	0	0	0	0.14	0.56	0.09	0.21
17971200	10	11	0.372715004	1.480860015	0.241388217	0.561572506	0.034558706	1	1	0	0	0	0	0.14	0.56	0.09	0.21
18057600	10	11	0.372715004	1.480860015	0.241388217	0.561572506	0.034558706	1	1	0	0	0	0	0.14	0.56	0.09	0.21
18144000	10	11	0.372715004	1.480860015	0.241388217	0.561572506	0.034558706	1	1	0	0	0	0	0.14	0.56	0.09	0.21
18230400	10	11	0.372715004	1.480860015	0.241388217	0.561572506	0.034558706	1	1	0	0	0	0	0.14	0.56	0.09	0.21
18316800	10	11	0.372715004	1.480860015	0.241388217	0.561572506	0.034558706	1	1	0	0	0	0	0.14	0.56	0.09	0.21
18403200	10	11	0.372715004	1.480860015	0.241388217	0.561572506	0.034558706	1	1	0	0	0	0	0.14	0.56	0.09	0.21
18489600	10	11	0.372715004	1.480860015	0.241388217	0.561572506	0.034558706	1	1	0	0	0	0	0.14	0.56	0.09	0.21
18576000	10	11	0.372715004	1.480860015	0.241388217	0.561572506	0.034558706	1	1	0	0	0	0	0.14	0.56	0.09	0.21
18662400	10	11	0.372715004	1.480860015	0.241388217	0.561572506	0.034558706	1	1	0	0	0	0	0.14	0.56	0.09	0.21
18748800	10	11	0.372715004	1.480860015	0.241388217	0.561572506	0.034558706	1	1	0	0	0	0	0.14	0.56	0.09	0.21
18835200	10	11	0.372715004	1.480860015	0.241388217	0.561572506	0.034558706	1	1	0	0	0	0	0.14	0.56	0.09	0.21
18921600	10	11	0.372715004	1.480860015	0.241388217	0.561572506	0.034558706	1	1	0	0	0	0	0.14	0.56	0.09	0.21
19008000	10	11	0.372715004	1.480860015	0.241388217	0.561572506	0.034558706	1	1	0	0	0	0	0.14	0.56	0.09	0.21
19094400	10	11	0.372715004	1.480860015	0.241388217	0.561572506	0.034558706	1	1	0	0	0	0	0.14	0.56	0.09	0.21
19180800	10	11	0.372715004	1.480860015	0.241388217	0.561572506	0.034558706	1	1	0	0	0	0	0.14	0.56	0.09	0.21
19267200	10	11	0.372715004	1.480860015	0.241388217	0.561572506	0.034558706	1	1	0	0	0	0	0.14	0.56	0.09	0.21
19353600	10	11	0.372715004	1.480860015	0.241388217	0.561572506	0.034558706	1	1	0	0	0	0	0.14	0.56	0.09	0.21
19440000	10	11	0.372715004	1.480860015	0.241388217	0.561572506	0.034558706	1	1	0	0	0	0	0.14	0.56	0.09	0.21
19526400	10	11	0.372715004	1.480860015	0.241388217	0.561572506	0.034558706	1	1	0	0	0	0	0.14	0.56	0.09	0.21
19612800	10	11	0.372715004	1.480860015	0.241388217	0.561572506	0.034558706	1	1	0	0	0	0	0.14	0.56	0.09	0.21
19699200	10	11	0.372715004	1.480860015	0.241388217	0.561572506	0.034558706	1	1	0	0	0	0	0.14	0.56	0.09	0.21
19785600	10	11	0.372715004	1.480860015	0.241388217	0.561572506	0.034558706	1	1	0	0	0	0	0.14	0.56	0.09	0.21
19872000	10	11	0.372715004	1.480860015	0.241388217	0.561572506	0.034558706	1	1	0	0	0	0	0.14	0.56	0.09	0.21
19958400	10	11	0.372715004	1.480860015	0.241388217	0.561572506	0.034558706	1	1	0	0	0	0	0.14	0.56	0.09	0.21
20044800	10	11	0.372715004	1.480860015	0.241388217	0.561572506	0.034558706	1	1	0	0	0	0	0.14	0.56	0.09	0.21
20131200	10	11	0.372715004	1.480860015	0.241388217	0.561572506	0.034558706	1	1	0	0	0	0	0.14	0.56	0.09	0.21
20217600	10	11	0.372715004	1.480860015	0.241388217	0.561572506	0.034558706	1	1	0	0	0	0	0.14	0.56	0.09	0.21
20304000	10	11	0.372715004	1.480860015	0.241388217	0.561572506	0.034558706	1	1	0	0	0	0	0.14	0.56	0.09	0.21
20390400	10	11	0.372715004	1.480860015	0.241388217	0.561572506	0.034558706	1	1	0	0	0	0	0.14	0.56	0.09	0.21
20476800	10	11	0.372715004	1.480860015	0.241388217	0.561572506	0.034558706	1	1	0	0	0	0	0.14	0.56	0.09	0.21
20563200	10	11	0.372715004	1.480860015	0.241388217	0.561572506	0.034558706	1	1	0	0	0	0	0.14	0.56	0.09	0.21
20649600	10	11	0.372715004	1.480860015	0.241388217	0.561572506	0.034558706	1	1	0	0	0	0	0.14	0.56	0.09	0.21
20736000	10	11	0.372715004	1.480860015	0.241388217	0.561572506	0.034558706	1	1	0	0	0	0	0.14	0.56	0.09	0.21
20822400	10	11	0.372715004	1.480860015	0.241388217	0.561572506	0.034558706	1	1	0	0	0	0	0.14	0.56	0.09	0.21
20908800	10	11	0.372715004	1.480860015	0.241388217	0.561572506	0.034558706	1	1	0	0	0	0	0.14	0.56	0.09	0.21
20995200	10	11	0.372715004	1.480860015	0.241388217	0.561572506	0.034558706	1	1	0	0	0	0	0.14	0.56	0.09	0.21
21081600	10	11	0.372715004	1.480860015	0.241388217	0.561572506	0.034558706	1	1	0	0	0	0	0.14	0.56	0.09	0.21
21168000	10	11	0.372715004	1.480860015	0.241388217	0.561572506	0.034558706	1	1	0	0	0	0	0.14	0.56	0.09	0.21
21254400	10	11	0.372715004	1.480860015	0.241388217	0.561572506	0.034558706	1	1	0	0	0	0	0.14	0.56	0.09	0.21
21340800	10	11	0.372715004	1.480860015	0.241388217	0.561572506	0.034558706	1	1	0	0	0	0	0.14	0.56	0.09	0.21
21427200	10	11	0.372715004	1.480860015	0.241388217	0.561572506	0.034558706	1	1	0	0	0	0	0.14	0.56	0.09	0.21
21513600	10	11	0.372715004	1.480860015	0.241388217	0.561572506	0.034558706	1	1	0	0	0	0	0.14	0.56	0.09	0.21
21600000	10	11	0.372715004	1.480860015	0.241388217	0.561572506	0.034558706	1	1	0	0	0	0	0.14	0.56	0.09	0.21
21686400	10	11	0.372715004	1.480860015	0.241388217	0.561572506	0.034558706	1	1	0	0	0	0	0.14	0.56	0.09	0.21
21772800	10	11	0.372715004	1.480860015	0.241388217	0.561572506	0.034558706	1	1	0	0	0	0	0.14	0.56	0.09	0.21
21859200	10	11	0.372715004	1.480860015	0.241388217	0.561572506	0.034558706	1	1	0	0	0	0	0.14	0.56	0.09	0.21
21945600	10	11	0.372715004	1.480860015	0.241388217	0.561572506	0.034558706	1	1	0	0	0	0	0.14	0.56	0.09	0.21
22032000	10	11	0.372715004	1.480860015	0.241388217	0.561572506	0.034558706	1	1	0	0	0	0	0.14	0.56	0.09	0.21
22118400	10	11	0.372715004	1.480860015	0.241388217	0.561572506	0.034558706	1	1	0	0	0	0	0.14	0.56	0.09	0.21
22204800	10	11	0.372715004	1.480860015	0.241388217	0.561572506	0.034558706	1	1	0	0	0	0	0.14	0.56	0.09	0.21
22291200	10	11	0.372715004	1.480860015	0.241388217	0.561572506	0.034558706	1	1	0	0	0	0	0.14	0.56	0.09	0.21
22377600	10	11	0.372715004	1.480860015	0.241388217	0.561572506	0.034558706	1	1	0	0	0	0	0.14	0.56	0.09	0.21
22464000	10	11	0.372715004	1.480860015	0.241388217	0.561572506	0.034558706	1	1	0	0	0	0	0.14	0.56	0.09	0.21
22550400	10	11	0.372715004	1.480860015	0.241388217	0.561572506	0.034558706	1	1	0	0	0	0	0.14	0.56	0.09	0.21
22636800	10	11	0.372715004	1.480860015	0.241388217	0.561572506	0.034558706	1	1	0	0	0	0	0.14	0.56	0.09	0.21
22723200	10	11	0.372715004	1.480860015	0.241388217	0.561572506	0.034558706	1	1	0	0	0	0	0.14	0.56	0.09	0.21
22809600	10	11	0.372715004	1.480860015	0.241388217	0.561572506	0.034558706	1	1	0	0	0	0	0.14	0.56	0.09	0.21
22896000	10	11	0.372715004	1.480860015	0.241388217	0.561572506	0.034558706	1	1	0	0	0	0	0.14	0.56	0.09	0.21
22982400	10	11	0.372715004	1.480860015	0.241388217	0.561572506	0.034558706	1	1	0	0	0	0	0.14	0.56	0.09	0.21
23068800	10	11	0.372715004	1.480860015	0.241388217	0.561572506	0.034558706	1	1	0	0	0	0	0.14	0.56	0.09	0.21
23155200	10	11	0.372715004	1.480860015	0.241388217	0.561572506	0.034558706	1	1	0	0	0	0	0.14	0.56	0.09	0.21
23241600	10	11	0.372715004	1.480860015	0.241388217	0.561572506	0.034558706	1	1	0	0	0	0	0.14	0.56	0.09	0.21
23328000	10	11	0.372715004	1.480860015	0.241388217	0.561572506	0.034558706	1	1	0	0	0	0	0.14	0.56	0.09	0.21
23414400	10	11	0.372715004	1.480860015	0.241388217	0.561572506	0.034558706	1	1	0	0	0	0	0.14	0.56	0.09	0.21
23500800	10	11	0.372715004	1.480860015	0.241388217	0.561572506	0.034558706	1	1	0	0	0	0	0.14	0.56	0.09	0.21
23587200	10	11	0.372715004	1.480860015	0.241388217	0.561572506	0.034558706	1	1	0	0	0	0	0.14	0.56	0.09	0.21
23673600	10	11	0.372715004	1.480860015	0.241388217	0.561572506	0.034558706	1	1	0	0	0	0	0.14	0.56	0.09	0.21
23760000	10	11	0.372715004	1.480860015	0.241388217	0.561572506	0.034558706	1	1	0	0	0	0	0.14	0.56	0.09	0.21
23846400	10	11	0.372715004	1.480860015	0.241388217	0.561572506	0.034558706	1	1	0	0	0	0	0.14	0.56	0.09	0.21
23932800	10	11	0.372715004	1.480860015	0.241388217	0.561572506	0.034558706	1	1	0	0	0	0	0.14	0.56	0.09	0.21
24019200	10	11	0.372715004	1.480860015	0.241388217	0.561572506	0.034558706	1	1	0	0	0	0	0.14	0.56	0.09	0.21
24105600	10	11	0.372715004	1.480860015	0.241388217	0.561572506	0.034558706	1	1	0	0	0	0	0.14	0.56	0.09	0.21
24192000	10	11	0.372715004	1.480860015	0.241388217	0.561572506	0.034558706	1	1	0	0	0	0	0.14	0.56	0.09	0.21
24278400	10	11	0.372715004	1.480860015	0.241388217	0.561572506	0.034558706	1	1	0	0	0	0	0.14	0.56	0.09	0.21
24364800	10	11	0.372715004	1.480860015	0.241388217	0.561572506	0.034558706	1	1	0	0	0	0	0.14	0.56	0.09	0.21
24451200	10	11	0.372715004	1.480860015	0.241388217	0.561572506	0.034558706	1	1	0	0	0	0	0.14	0.56	0.09	0.21
24537600	10	11	0.372715004	1.480860015	0.241388217	0.561572506	0.034558706	1	1	0	0	0	0	0.14	0.56	0.09	0.21
24624000	10	11	0.372715004	1.480860015	0.241388217	0.561572506	0.034558706	1	1	0	0	0	0	0.14	0.56	0.09	0.21
24710400	10	11	0.372715004	1.480860015	0.241388217	0.561572506	0.034558706	1	1	0	0	0	0	0.14	0.56	0.09	0.21
24796800	10	11	0.372715004	1.480860015	0.241388217	0.561572506	0.034558706	1	1	0	0	0	0	0.14	0.56	0.09	0.21
24883200	10	11	0.372715004	1.480860015	0.241388217	0.561572506	0.034558706	1	1	0	0	0	0	0.14	0.56	0.09	0.21
24969600	10	11	0.372715004	1.480860015	0.241388217	0.561572506	0.034558706	1	1	0	0	0	0	0.14	0.56	0.09	0.21
25056000	10	11	0.372715004	1.480860015	0.241388217	0.561572506	0.034558706	1	1	0	0	0	0	0.14	0.56	0.09	0.21
25142400	10	11	0.372715004	1.480860015	0.241388217	0.561572506	0.034558706	1	1	0	0	0	0	0.14	0.56	0.09	0.21
25228800	10	11	0.372715004	1.480860015	0.241388217	0.561572506	0.034558706	1	1	0	0	0	0	0.14	0.56	0.09	0.21
25315200	10	11	0.372715004	1.480860015	0.241388217	0.561572506	0.034558706	1	1	0	0	0	0	0.14	0.56	0.09	0.21
25401600	10	11	0.372715004	1.480860015	0.241388217	0.561572506	0.034558706	1	1	0	0	0	0	0.14	0.56	0.09	0.21
25488000	10	11	0.372715004	1.480860015	0.241388217	0.561572506	0.034558706	1	1	0	0	0	0	0.14	0.56	0.09	0.21
25574400	10	11	0.372715004	1.480860015	0.241388217	0.561572506	0.034558706	1	1	0	0	0	0	0.14	0.56	0.09	0.21
25660800	10	11	0.372715004	1.480860015	0.241388217	0.561572506	0.034558706	1	1	0	0	0	0	0.14	0.56	0.09	0.21
25747200	10	11	0.372715004	1.480860015	0.241388217	0.561572506	0.034558706	1	1	0	0	0	0	0.14	0.56	0.09	0.21
25833600	10	11	0.372715004	1.480860015	0.241388217	0.561572506	0.034558706	1	1	0	0	0	0	0.14	0.56	0.09	0.21
25920000	10	11	0.372715004	1.480860015	0.241388217	0.561572506	0.034558706	1	1	0	0	0	0	0.14	0.56	0.09	0.21
26006400	10	11	0.372715004	1.480860015	0.241388217	0.561572506	0.034558706	1	1	0	0	0	0	0.14	0.56	0.09	0.21
26092800	10	11	0.372715004	1.480860015	0.241388217	0.561572506	0.034558706	1	1	0	0	0	0	0.14	0.56	0.09	0.21
26179200	10	11	0.372715004	1.480860015	0.241388217	0.561572506	0.034558706	1	1	0	0	0	0	0.14	0.56	0.09	0.21
26265600	10	11	0.372715004	1.480860015	0.241388217	0.561572506	0.034558706	1	1	0	0	0	0	0.14	0.56	0.09	0.21
26352000	10	11	0.372715004	1.480860015	0.241388217	0.561572506	0.034558706	1	1	0	0	0	0	0.14	0.56	0.09	0.21
26438400	10	11	0.372715004	1.480860015	0.241388217	0.561572506	0.034558706	1	1	0	0	0	0	0.14	0.56	0.09	0.21
26524800	10	11	0.372715004	1.480860015	0.241388217	0.561572506	0.034558706	1	1	0	0	0	0	0.14	0.56	0.09	0.21
26611200	10	11	0.372715004	1.480860015	0.241388217	0.561572506	0.034558706	1	1	0	0	0	0	0.14	0.56	0.09	0.21
26697600	10	11	0.372715004	1.480860015	0.241388217	0.561572506	0.034558706	1	1	0	0	0	0	0.14	0.56	0.09	0.21
26784000	10	11	0.372715004	1.480860015	0.241388217	0.561572506	0.034558706	1	1	0	0	0	0	0.14	0.56	0.09	0.21
26870400	10	11	0.372715004	1.480860015	0.241388217	0.561572506	0.034558706	1	1	0	0	0	0	0.14	0.56	0.09	0.21
26956800	10	11	0.372715004	1.480860015	0.241388217	0.561572506	0.034558706	1	1	0	0	0	0	0.14	0.56	0.09	0.21
27043200	10	11	0.372715004	1.480860015	0.241388217	0.561572506	0.034558706	1	1	0	0	0	0	0.14	0.56	0.09	0.21
27129600	10	11	0.372715004	1.480860015	0.241388217	0.561572506	0.034558706	1	1	0	0	0	0	0.14	0.56	0.09	0.21
27216000	10	11	0.372715004	1.480860015	0.241388217	0.561572506	0.034558706	1	1	0	0	0	0	0.14	0.56	0.09	0.21
27302400	10	11	0.372715004	1.480860015	0.241388217	0.561572506	0.034558706	1	1	0	0	0	0	0.14	0.56	0.09	0.21
27388800	10	11	0.372715004	1.480860015	0.241388217	0.561572506	0.034558706	1	1	0	0	0	0	0.14	0.56	0.09	0.21
27475200	10	11	0.372715004	1.480860015	0.241388217	0.561572506	0.034558706	1	1	0	0	0	0	0.14	0.56	0.09	0.21
27561600	10	11	0.372715004	1.480860015	0.241388217	0.561572506	0.034558706	1	1	0	0	0	0	0.14	0.56	0.09	0.21
27648000	10	11	0.372715004	1.480860015	0.241388217	0.561572506	0.034558706	1	1	0	0	0	0	0.14	0.56	0.09	0.21
27734400	10	11	0.372715004	1.480860015	0.241388217	0.561572506	0.034558706	1	1	0	0	0	0	0.14	0.56	0.09	0.21
27820800	10	11	0.372715004	1.480860015	0.241388217	0.561572506	0.034558706	1	1	0	0	0	0	0.14	0.56	0.09	0.21
27907200	10	11	0.372715004	1.480860015	0.241388217	0.561572506	0.034558706	1	1	0	0	0	0	0.14	0.56	0.09	0.21
27993600	10	11	0.372715004	1.480860015	0.241388217	0.561572506	0.034558706	1	1	0	0	0	0	0.14	0.56	0.09	0.21
28080000	10	11	0.372715004	1.480860015	0.241388217	0.561572506	0.034558706	1	1	0	0	0	0	0.14	0.56	0.09	0.21
28166400	10	11	0.372715004	1.480860015	0.241388217	0.561572506	0.034558706	1	1	0	0	0	0	0.14	0.56	0.09	0.21
28252800	10	11	0.372715004	1.480860015	0.241388217	0.561572506	0.034558706	1	1	0	0	0	0	0.14	0.56	0.09	0.21
28339200	10	11	0.372715004	1.480860015	0.241388217	0.561572506	0.034558706	1	1	0	0	0	0	0.14	0.56	0.09	0.21
28425600	10	11	0.372715004	1.480860015	0.241388217	0.561572506	0.034558706	1	1	0	0	0	0	0.14	0.56	0.09	0.21
28512000	10	11	0.372715004	1.480860015	0.241388217	0.561572506	0.034558706	1	1	0	0	0	0	0.14	0.56	0.09	0.21
28598400	10	11	0.372715004	1.480860015	0.241388217	0.561572506	0.034558706	1	1	0	0	0	0	0.14	0.56	0.09	0.21
28684800	10	11	0.372715004	1.480860015	0.241388217	0.561572506	0.034558706	1	1	0	0	0	0	0.14	0.56	0.09	0.21
28771200	10	11	0.372715004	1.480860015	0.241388217	0.561572506	0.034558706	1	1	0	0	0	0	0.14	0.56	0.09	0.21
28857600	10	11	0.372715004	1.480860015	0.241388217	0.561572506	0.034558706	1	1	0	0	0	0	0.14	0.56	0.09	0.21
28944000	10	11	0.372715004	1.480860015	0.241388217	0.561572506	0.034558706	1	1	0	0	0	0	0.14	0.56	0.09	0.21
29030400	10	11	0.372715004	1.480860015	0.241388217	0.561572506	0.034558706	1	1	0	0	0	0	0.14	0.56	0.09	0.21
29116800	10	11	0.372715004	1.480860015	0.241388217	0.561572506	0.034558706	1	1	0	0	0	0	0.14	0.56	0.09	0.21
29203200	10	11	0.372715004	1.480860015	0.241388217	0.561572506	0.034558706	1	1	0	0	0	0	0.14	0.56	0.09	0.21
29289600	10	11	0.372715004	1.480860015	0.241388217	0.561572506	0.034558706	1	1	0	0	0	0	0.14	0.56	0.09	0.21
29376000	10	11	0.372715004	1.480860015	0.241388217	0.561572506	0.034558706	1	1	0	0	0	0	0.14	0.56	0.09	0.21
29462400	10	11	0.372715004	1.480860015	0.241388217	0.561572506	0.034558706	1	1	0	0	0	0	0.14	0.56	0.09	0.21
29548800	10	11	0.372715004	1.480860015	0.241388217	0.561572506	0.034558706	1	1	0	0	0	0	0.14	0.56	0.09	0.21
29635200	10	11	0.372715004	1.480860015	0.241388217	0.561572506	0.034558706	1	1	0	0	0	0	0.14	0.56	0.09	0.21
29721600	10	11	0.372715004	1.480860015	0.241388217	0.561572506	0.034558706	1	1	0	0	0	0	0.14	0.56	0.09	0.21
29808000	10	11	0.372715004	1.480860015	0.241388217	0.561572506	0.034558706	1	1	0	0	0	0	0.14	0.56	0.09	0.21
29894400	10	11	0.372715004	1.480860015	0.241388217	0.561572506	0.034558706	1	1	0	0	0	0	0.14	0.56	0.09	0.21
29980800	10	11	0.372715004	1.480860015	0.241388217	0.561572506	0.034558706	1	1	0	0	0	0	0.14	0.56	0.09	0.21
30067200	10	11	0.372715004	1.480860015	0.241388217	0.561572506	0.034558706	1	1	0	0	0	0	0.14	0.56	0.09	0.21
30153600	10	11	0.372715004	1.480860015	0.241388217	0.561572506	0.034558706	1	1	0	0	0	0	0.14	0.56	0.09	0.21
30240000	10	11	0.372715004	1.480860015	0.241388217	0.561572506	0.034558706	1	1	0	0	0	0	0.14	0.56	0.09	0.21
30326400	10	11	0.372715004	1.480860015	0.241388217	0.561572506	0.034558706	1	1	0	0	0	0	0.14	0.56	0.09	0.21
30412800	10	11	0.372715004	1.480860015	0.241388217	0.561572506	0.034558706	1	1	0	0	0	0	0.14	0.56	0.09	0.21
30499200	10	11	0.372715004	1.480860015	0.241388217	0.561572506	0.034558706	1	1	0	0	0	0	0.14	0.56	0.09	0.21
30585600	10	11	0.372715004	1.480860015	0.241388217	0.561572506	0.034558706	1	1	0	0	0	0	0.14	0.56	0.09	0.21
30672000	10	11	0.372715004	1.480860015	0.241388217	0.561572506	0.034558706	1	1	0	0	0	0	0.14	0.56	0.09	0.21
30758400	10	11	0.372715004	1.480860015	0.241388217	0.561572506	0.034558706	1	1	0	0	0	0	0.14	0.56	0.09	0.21
30844800	10	11	0.372715004	1.480860015	0.241388217	0.561572506	0.034558706	1	1	0	0	0	0	0.14	0.56	0.09	0.21
30931200	10	11	0.372715004	1.480860015	0.241388217	0.561572506	0.034558706	1	1	0	0	0	0	0.14	0.56	0.09	0.21
31017600	10	11	0.372715004	1.480860015	0.241388217	0.561572506	0.034558706	1	1	0	0	0	0	0.14	0.56	0.09	0.21
31104000	10	11	0.372715004	1.480860015	0.241388217	0.561572506	0.034558706	1	1	0	0	0	0	0.14	0.56	0.09	0.21
31190400	10	11	0.372715004	1.480860015	0.241388217	0.561572506	0.034558706	1	1	0	0	0	0	0.14	0.56	0.09	0.21
31276800	10	11	0.372715004	1.480860015	0.241388217	0.561572506	0.034558706	1	1	0	0	0	0	0.14	0.56	0.09	0.21
31363200	10	11	0.372715004	1.480860015	0.241388217	0.561572506	0.034558706	1	1	0	0	0	0	0.14	0.56	0.09	0.21
31449600	10	11	0.372715004	1.480860015	0.241388217	0.561572506	0.034558706	1	1	0	0	0	0	0.14	0.56	0.09	0.21
31536000	10	11	0.372715004	1.480860015	0.241388217	0.561572506	0.034558706	1	1	0	0	0	0	0.14	0.56	0.09	0.21
31622400	10	11	0.372715004	1.480860015	0.241388217	0.561572506	0.034558706	1	1	0	0	0	0	0.14	0.56	0.09	0.21
31708800	10	11	0.372715004	1.480860015	0.241388217	0.561572506	0.034558706	1	1	0	0	0	0	0.14	0.56	0.09	0.21
31795200	10	11	0.372715004	1.480860015	0.241388217	0.561572506	0.034558706	1	1	0	0	0	0	0.14	0.56	0.09	0.21
31881600	10	11	0.372715004	1.480860015	0.241388217	0.561572506	0.034558706	1	1	0	0	0	0	0.14	0.56	0.09	0.21
31968000	10	11	0.372715004	1.480860015	0.241388217	0.561572506	0.034558706	1	1	0	0	0	0	0.14	0.56	0.09	0.21
32054400	10	11	0.372715004	1.480860015	0.241388217	0.561572506	0.034558706	1	1	0	0	0	0	0.14	0.56	0.09	0.21
32140800	10	11	0.372715004	1.480860015	0.241388217	0.561572506	0.034558706	1	1	0	0	0	0	0.14	0.56	0.09	0.21
32227200	10	11	0.372715004	1.480860015	0.241388217	0.561572506	0.034558706	1	1	0	0	0	0	0.14	0.56	0.09	0.21
32313600	10	11	0.372715004	1.480860015	0.241388217	0.561572506	0.034558706	1	1	0	0	0	0	0.14	0.56	0.09	0.21
32400000	10	11	0.372715004	1.480860015	0.241388217	0.561572506	0.034558706	1	1	0	0	0	0	0.14	0.56	0.09	0.21
32486400	10	11	0.372715004	1.480860015	0.241388217	0.561572506	0.034558706	1	1	0	0	0	0	0.14	0.56	0.09	0.21
32572800	10	11	0.372715004	1.480860015	0.241388217	0.561572506	0.034558706	1	1	0	0	0	0	0.14	0.56	0.09	0.21
32659200	10	11	0.372715004	1.480860015	0.241388217	0.561572506	0.034558706	1	1	0	0	0	0	0.14	0.56	0.09	0.21
32745600	10	11	0.372715004	1.480860015	0.241388217	0.561572506	0.034558706	1	1	0	0	0	0	0.14	0.56	0.09	0.21
32832000	10	11	0.372715004	1.480860015	0.241388217	0.561572506	0.034558706	1	1	0	0	0	0	0.14	0.56	0.09	0.21
32918400	10	11	0.372715004	1.480860015	0.241388217	0.561572506	0.034558706	1	1	0	0	0	0	0.14	0.56	0.09	0.21
33004800	10	11	0.372715004	1.480860015	0.241388217	0.561572506	0.034558706	1	1	0	0	0	0	0.14	0.56	0.09	0.21
33091200	10	11	0.372715004	1.480860015	0.241388217	0.561572506	0.034558706	1	1	0	0	0	0	0.14	0.56	0.09	0.21
33177600	10	11	0.372715004	1.480860015	0.241388217	0.561572506	0.034558706	1	1	0	0	0	0	0.14	0.56	0.09	0.21
33264000	10	11	0.372715004	1.480860015	0.241388217	0.561572506	0.034558706	1	1	0	0	0	0	0.14	0.56	0.09	0.21
33350400	10	11	0.372715004	1.480860015	0.241388217	0.561572506	0.034558706	1	1	0	0	0	0	0.14	0.56	0.09	0.21
33436800	10	11	0.372715004	1.480860015	0.241388217	0.561572506	0.034558706	1	1	0	0	0	0	0.14	0.56	0.09	0.21
33523200	10	11	0.372715004	1.480860015	0.241388217	0.561572506	0.034558706	1	1	0	0	0	0	0.14	0.56	0.09	0.21
33609600	10	11	0.372715004	1.480860015	0.241388217	0.561572506	0.034558706	1	1	0	0	0	0	0.14	0.56	0.09	0.21
33696000	10	11	0.372715004	1.480860015	0.241388217	0.561572506	0.034558706	1	1	0	0	0	0	0.14	0.56	0.09	0.21
33782400	10	11	0.372715004	1.480860015	0.241388217	0.561572506	0.034558706	1	1	0	0	0	0	0.14	0.56	0.09	0.21
33868800	10	11	0.372715004	1.480860015	0.241388217	0.561572506	0.034558706	1	1	0	0	0	0	0.14	0.56	0.09	0.21
33955200	10	11	0.372715004	1.480860015	0.241388217	0.561572506	0.034558706	1	1	0	0	0	0	0.14	0.56	0.09	0.21
34041600	10	11	0.372715004	1.480860015	0.241388217	0.561572506	0.034558706	1	1	0	0	0	0	0.14	0.56	0.09	0.21
34128000	10	11	0.372715004	1.480860015	0.241388217	0.561572506	0.034558706	1	1	0	0	0	0	0.14	0.56	0.09	0.21
34214400	10	11	0.372715004	1.480860015	0.241388217	0.561572506	0.034558706	1	1	0	0	0	0	0.14	0.56	0.09	0.21
34300800	10	11	0.372715004	1.480860015	0.241388217	0.561572506	0.034558706	1	1	0	0	0	0	0.14	0.56	0.09	0.21
34387200	10	11	0.372715004	1.480860015	0.241388217	0.561572506	0.034558706	1	1	0	0	0	0	0.14	0.56	0.09	0.21
34473600	10	11	0.372715004	1.480860015	0.241388217	0.561572506	0.034558706	1	1	0	0	0	0	0.14	0.56	0.09	0.21
34560000	10	11	0.372715004	1.480860015	0.241388217	0.561572506	0.034558706	1	1	0	0	0	0	0.14	0.56	0.09	0.21
34646400	10	11	0.372715004	1.480860015	0.241388217	0.561572506	0.034558706	1	1	0	0	0	0	0.14	0.56	0.09	0.21
34732800	10	11	0.372715004	1.480860015	0.241388217	0.561572506	0.034558706	1	1	0	0	0	0	0.14	0.56	0.09	0.21
34819200	10	11	0.372715004	1.480860015	0.241388217	0.561572506	0.034558706	1	1	0	0	0	0	0.14	0.56	0.09	0.21
34905600	10	11	0.372715004	1.480860015	0.241388217	0.561572506	0.034558706	1	1	0	0	0	0	0.14	0.56	0.09	0.21
34992000	10	11	0.372715004	1.480860015	0.241388217	0.561572506	0.034558706	1	1	0	0	0	0	0.14	0.56	0.09	0.21
35078400	10	11	0.372715004	1.480860015	0.241388217	0.561572506	0.034558706	1	1	0	0	0	0	0.14	0.56	0.09	0.21
35164800	10	11	0.372715004	1.480860015	0.241388217	0.561572506	0.034558706	1	1	0	0	0	0	0.14	0.56	0.09	0.21
35251200	10	11	0.372715004	1.480860015	0.241388217	0.561572506	0.034558706	1	1	0	0	0	0	0.14	0.56	0.09	0.21
35337600	10	11	0.372715004	1.480860015	0.241388217	0.561572506	0.034558706	1	1	0	0	0	0	0.14	0.56	0.09	0.21
35424000	10	11	0.372715004	1.480860015	0.241388217	0.561572506	0.034558706	1	1	0	0	0	0	0.14	0.56	0.09	0.21
35510400	10	11	0.372715004	1.480860015	0.241388217	0.561572506	0.034558706	1	1	0	0	0	0	0.14	0.56	0.09	0.21
35596800	10	11	0.372715004	1.480860015	0.241388217	0.561572506	0.034558706	1	1	0	0	0	0	0.14	0.56	0.09	0.21
35683200	10	11	0.372715004	1.480860015	0.241388217	0.561572506	0.034558706	1	1	0	0	0	0	0.14	0.56	0.09	0.21
35769600	10	11	0.372715004	1.480860015	0.241388217	0.561572506	0.034558706	1	1	0	0	0	0	0.14	0.56	0.09	0.21
35856000	10	11	0.372715004	1.480860015	0.241388217	0.561572506	0.034558706	1	1	0	0	0	0	0.14	0.56	0.09	0.21
35942400	10	11	0.372715004	1.480860015	0.241388217	0.561572506	0.034558706	1	1	0	0	0	0	0.14	0.56	0.09	0.21
36028800	10	11	0.372715004	1.480860015	0.241388217	0.561572506	0.034558706	1	1	0	0	0	0	0.14	0.56	0.09	0.21
36115200	10	11	0.372715004	1.480860015	0.241388217	0.561572506	0.034558706	1	1	0	0	0	0	0.14	0.56	0.09	0.21
36201600	10	11	0.372715004	1.480860015	0.241388217	0.561572506	0.034558706	1	1	0	0	0	0	0.14	0.56	0.09	0.21
36288000	10	11	0.372715004	1.480860015	0.241388217	0.561572506	0.034558706	1	1	0	0	0	0	0.14	0.56	0.09	0.21
36374400	10	11	0.372715004	1.480860015	0.241388217	0.561572506	0.034558706	1	1	0	0	0	0	0.14	0.56	0.09	0.21
36460800	10	11	0.372715004	1.480860015	0.241388217	0.561572506	0.034558706	1	1	0	0	0	0	0.14	0.56	0.09	0.21
36547200	10	11	0.372715004	1.480860015	0.241388217	0.561572506	0.034558706	1	1	0	0	0	0	0.14	0.56	0.09	0.21
36633600	10	11	0.372715004	1.480860015	0.241388217	0.561572506	0.034558706	1	1	0	0	0	0	0.14	0.56	0.09	0.21
36720000	10	11	0.372715004	1.480860015	0.241388217	0.561572506	0.034558706	1	1	0	0	0	0	0.14	0.56	0.09	0.21
36806400	10	11	0.372715004	1.480860015	0.241388217	0.561572506	0.034558706	1	1	0	0	0	0	0.14	0.56	0.09	0.21
36892800	10	11	0.372715004	1.480860015	0.241388217	0.561572506	0.034558706	1	1	0	0	0	0	0.14	0.56	0.09	0.21
36979200	10	11	0.372715004	1.480860015	0.241388217	0.561572506	0.034558706	1	1	0	0	0	0	0.14	0.56	0.09	0.21
37065600	10	11	0.372715004	1.480860015	0.241388217	0.561572506	0.034558706	1	1	0	0	0	0	0.14	0.56	0.09	0.21
37152000	10	11	0.372715004	1.480860015	0.241388217	0.561572506	0.034558706	1	1	0	0	0	0	0.14	0.56	0.09	0.21
37238400	10	11	0.372715004	1.480860015	0.241388217	0.561572506	0.034558706	1	1	0	0	0	0	0.14	0.56	0.09	0.21
37324800	10	11	0.372715004	1.480860015	0.241388217	0.561572506	0.034558706	1	1	0	0	0	0	0.14	0.56	0.09	0.21
37411200	10	11	0.372715004	1.480860015	0.241388217	0.561572506	0.034558706	1	1	0	0	0	0	0.14	0.56	0.09	0.21
37497600	10	11	0.372715004	1.480860015	0.241388217	0.561572506	0.034558706	1	1	0	0	0	0	0.14	0.56	0.09	0.21
37584000	10	11	0.372715004	1.480860015	0.241388217	0.561572506	0.034558706	1	1	0	0	0	0	0.14	0.56	0.09	0.21
37670400	10	11	0.372715004	1.480860015	0.241388217	0.561572506	0.034558706	1	1	0	0	0	0	0.14	0.56	0.09	0.21
37756800	10	11	0.372715004	1.480860015	0.241388217	0.561572506	0.034558706	1	1	0	0	0	0	0.14	0.56	0.09	0.21
37843200	10	11	0.372715004	1.480860015	0.241388217	0.561572506	0.034558706	1	1	0	0	0	0	0.14	0.56	0.09	0.21
37929600	10	11	0.372715004	1.480860015	0.241388217	0.561572506	0.034558706	1	1	0	0	0	0	0.14	0.56	0.09	0.21
38016000	10	11	0.372715004	1.480860015	0.241388217	0.561572506	0.034558706	1	1	0	0	0	0	0.14	0.56	0.09	0.21
38102400	10	11	0.372715004	1.480860015	0.241388217	0.561572506	0.034558706	1	1	0	0	0	0	0.14	0.56	0.09	0.21
38188800	10	11	0.372715004	1.480860015	0.241388217	0.561572506	0.034558706	1	1	0	0	0	0	0.14	0.56	0.09	0.21
38275200	10	11	0.372715004	1.480860015	0.241388217	0.561572506	0.034558706	1	1	0	0	0	0	0.14	0.56	0.09	0.21
38361600	10	11	0.372715004	1.480860015	0.241388217	0.561572506	0.034558706	1	1	0	0	0	0	0.14	0.56	0.09	0.21
38448000	10	11	0.372715004	1.480860015	0.241388217	0.561572506	0.034558706	1	1	0	0	0	0	0.14	0.56	0.09	0.21
38534400	10	11	0.372715004	1.480860015	0.241388217	0.561572506	0.034558706	1	1	0	0	0	0	0.14	0.56	0.09	0.21
38620800	10	11	0.372715004	1.480860015	0.241388217	0.561572506	0.034558706	1	1	0	0	0	0	0.14	0.56	0.09	0.21
38707200	10	11	0.372715004	1.480860015	0.241388217	0.561572506	0.034558706	1	1	0	0	0	0	0.14	0.56	0.09	0.21
38793600	10	11	0.372715004	1.480860015	0.241388217	0.561572506	0.034558706	1	1	0	0	0	0	0.14	0.56	0.09	0.21
38880000	10	11	0.372715004	1.480860015	0.241388217	0.561572506	0.034558706	1	1	0	0	0	0	0.14	0.56	0.09	0.21
38966400	10	11	0.372715004	1.480860015	0.241388217	0.561572506	0.034558706	1	1	0	0	0	0	0.14	0.56	0.09	0.21
39052800	10	11	0.372715004	1.480860015	0.241388217	0.561572506	0.034558706	1	1	0	0	0	0	0.14	0.56	0.09	0.21
39139200	10	11	0.372715004	1.480860015	0.241388217	0.561572506	0.034558706	1	1	0	0	0	0	0.14	0.56	0.09	0.21
39225600	10	11	0.372715004	1.480860015	0.241388217	0.561572506	0.034558706	1	1	0	0	0	0	0.14	0.56	0.09	0.21
39312000	10	11	0.372715004	1.480860015	0.241388217	0.561572506	0.034558706	1	1	0	0	0	0	0.14	0.56	0.09	0.21
39398400	10	11	0.372715004	1.480860015	0.241388217	0.561572506	0.034558706	1	1	0	0	0	0	0.14	0.56	0.09	0.21
39484800	10	11	0.372715004	1.480860015	0.241388217	0.561572506	0.034558706	1	1	0	0	0	0	0.14	0.56	0.09	0.21
39571200	10	11	0.372715004	1.480860015	0.241388217	0.561572506	0.034558706	1	1	0	0	0	0	0.14	0.56	0.09	0.21
39657600	10	11	0.372715004	1.480860015	0.241388217	0.561572506	0.034558706	1	1	0	0	0	0	0.14	0.56	0.09	0.21
39744000	10	11	0.372715004	1.480860015	0.241388217	0.561572506	0.034558706	1	1	0	0	0	0	0.14	0.56	0.09	0.21
39830400	10	11	0.372715004	1.480860015	0.241388217	0.561572506	0.034558706	1	1	0	0	0	0	0.14	0.56	0.09	0.21
39916800	10	11	0.372715004	1.480860015	0.241388217	0.561572506	0.034558706	1	1	0	0	0	0	0.14	0.56	0.09	0.21
40003200	10	11	0.372715004	1.480860015	0.241388217	0.561572506	0.034558706	1	1	0	0	0	0	0.14	0.56	0.09	0.21
40089600	10	11	0.372715004	1.480860015	0.241388217	0.561572506	0.034558706	1	1	0	0	0	0	0.14	0.56	0.09	0.21
40176000	10	11	0.372715004	1.480860015	0.241388217	0.561572506	0.034558706	1	1	0	0	0	0	0.14	0.56	0.09	0.21
40262400	10	11	0.372715004	1.480860015	0.241388217	0.561572506	0.034558706	1	1	0	0	0	0	0.14	0.56	0.09	0.21
40348800	10	11	0.372715004	1.480860015	0.241388217	0.561572506	0.034558706	1	1	0	0	0	0	0.14	0.56	0.09	0.21
40435200	10	11	0.372715004	1.480860015	0.241388217	0.561572506	0.034558706	1	1	0	0	0	0	0.14	0.56	0.09	0.21
40521600	10	11	0.372715004	1.480860015	0.241388217	0.561572506	0.034558706	1	1	0	0	0	0	0.14	0.56	0.09	0.21
40608000	10	11	0.372715004	1.480860015	0.241388217	0.561572506	0.034558706	1	1	0	0	0	0	0.14	0.56	0.09	0.21
40694400	10	11	0.372715004	1.480860015	0.241388217	0.561572506	0.034558706	1	1	0	0	0	0	0.14	0.56	0.09	0.21
40780800	10	11	0.372715004	1.480860015	0.241388217	0.561572506	0.034558706	1	1	0	0	0	0	0.14	0.56	0.09	0.21
40867200	10	11	0.372715004	1.480860015	0.241388217	0.561572506	0.034558706	1	1	0	0	0	0	0.14	0.56	0.09	0.21
40953600	10	11	0.372715004	1.480860015	0.241388217	0.561572506	0.034558706	1	1	0	0	0	0	0.14	0.56	0.09	0.21
41040000	10	11	0.372715004	1.480860015	0.241388217	0.561572506	0.034558706	1	1	0	0	0	0	0.14	0.56	0.09	0.21
41126400	10	11	0.372715004	1.480860015	0.241388217	0.561572506	0.034558706	1	1	0	0	0	0	0.14	0.56	0.09	0.21
41212800	10	11	0.372715004	1.480860015	0.241388217	0.561572506	0.034558706	1	1	0	0	0	0	0.14	0.56	0.09	0.21
41299200	10	11	0.372715004	1.480860015	0.241388217	0.561572506	0.034558706	1	1	0	0	0	0	0.14	0.56	0.09	0.21
41385600	10	11	0.372715004	1.480860015	0.241388217	0.561572506	0.034558706	1	1	0	0	0	0	0.14	0.56	0.09	0.21
41472000	10	11	0.372715004	1.480860015	0.241388217	0.561572506	0.034558706	1	1	0	0	0	0	0.14	0.56	0.09	0.21
41558400	10	11	0.372715004	1.480860015	0.241388217	0.561572506	0.034558706	1	1	0	0	0	0	0.14	0.56	0.09	0.21
41644800	10	11	0.372715004	1.480860015	0.241388217	0.561572506	0.034558706	1	1	0	0	0	0	0.14	0.56	0.09	0.21
41731200	10	11	0.372715004	1.480860015	0.241388217	0.561572506	0.034558706	1	1	0	0	0	0	0.14	0.56	0.09	0.21
41817600	10	11	0.372715004	1.480860015	0.241388217	0.561572506	0.034558706	1	1	0	0	0	0	0.14	0.56	0.09	0.21
41904000	10	11	0.372715004	1.480860015	0.241388217	0.561572506	0.034558706	1	1	0	0	0	0	0.14	0.56	0.09	0.21
41990400	10	11	0.372715004	1.480860015	0.241388217	0.561572506	0.034558706	1	1	0	0	0	0	0.14	0.56	0.09	0.21
42076800	10	11	0.372715004	1.480860015	0.241388217	0.561572506	0.034558706	1	1	0	0	0	0	0.14	0.56	0.09	0.21
42163200	10	11	0.372715004	1.480860015	0.241388217	0.561572506	0.034558706	1	1	0	0	0	0	0.14	0.56	0.09	0.21
42249600	10	11	0.372715004	1.480860015	0.241388217	0.561572506	0.034558706	1	1	0	0	0	0	0.14	0.56	0.09	0.21
42336000	10	11	0.372715004	1.480860015	0.241388217	0.561572506	0.034558706	1	1	0	0	0	0	0.14	0.56	0.09	0.21
42422400	10	11	0.372715004	1.480860015	0.241388217	0.561572506	0.034558706	1	1	0	0	0	0	0.14	0.56	0.09	0.21
42508800	10	11	0.372715004	1.480860015	0.241388217	0.561572506	0.034558706	1	1	0	0	0	0	0.14	0.56	0.09	0.21
42595200	10	11	0.372715004	1.480860015	0.241388217	0.561572506	0.034558706	1	1	0	0	0	0	0.14	0.56	0.09	0.21
42681600	10	11	0.372715004	1.480860015	0.241388217	0.561572506	0.034558706	1	1	0	0	0	0	0.14	0.56	0.09	0.21
42768000	10	11	0.372715004	1.480860015	0.241388217	0.561572506	0.034558706	1	1	0	0	0	0	0.14	0.56	0.09	0.21
42854400	10	11	0.372715004	1.480860015	0.241388217	0.561572506	0.034558706	1	1	0	0	0	0	0.14	0.56	0.09	0.21
42940800	10	11	0.372715004	1.480860015	0.241388217	0.561572506	0.034558706	1	1	0	0	0	0	0.14	0.56	0.09	0.21
43027200	10	11	0.372715004	1.480860015	0.241388217	0.561572506	0.034558706	1	1	0	0	0	0	0.14	0.56	0.09	0.21
43113600	10	11	0.372715004	1.480860015	0.241388217	0.561572506	0.034558706	1	1	0	0	0	0	0.14	0.56	0.09	0.21
43200000	10	11	0.372715004	1.480860015	0.241388217	0.561572506	0.034558706	1	1	0	0	0	0	0.14	0.56	0.09	0.21
43286400	10	11	0.372715004	1.480860015	0.241388217	0.561572506	0.034558706	1	1	0	0	0	0	0.14	0.56	0.09	0.21
43372800	10	11	0.372715004	1.480860015	0.241388217	0.561572506	0.034558706	1	1	0	0	0	0	0.14	0.56	0.09	0.21
43459200	10	11	0.372715004	1.480860015	0.241388217	0.561572506	0.034558706	1	1	0	0	0	0	0.14	0.56	0.09	0.21
43545600	10	11	0.372715004	1.480860015	0.241388217	0.561572506	0.034558706	1	1	0	0	0	0	0.14	0.56	0.09	0.21
43632000	10	11	0.372715004	1.480860015	0.241388217	0.561572506	0.034558706	1	1	0	0	0	0	0.14	0.56	0.09	0.21
43718400	10	11	0.372715004	1.480860015	0.241388217	0.561572506	0.034558706	1	1	0	0	0	0	0.14	0.56	0.09	0.21
43804800	10	11	0.372715004	1.480860015	0.241388217	0.561572506	0.034558706	1	1	0	0	0	0	0.14	0.56	0.09	0.21
43891200	10	11	0.372715004	1.480860015	0.241388217	0.561572506	0.034558706	1	1	0	0	0	0	0.14	0.56	0.09	0.21
43977600	10	11	0.372715004	1.480860015	0.241388217	0.561572506	0.034558706	1	1	0	0	0	0	0.14	0.56	0.09	0.21
44064000	10	11	0.372715004	1.480860015	0.241388217	0.561572506	0.034558706	1	1	0	0	0	0	0.14	0.56	0.09	0.21
44150400	10	11	0.372715004	1.480860015	0.241388217	0.561572506	0.034558706	1	1	0	0	0	0	0.14	0.56	0.09	0.21
44236800	10	11	0.372715004	1.480860015	0.241388217	0.561572506	0.034558706	1	1	0	0	0	0	0.14	0.56	0.09	0.21
44323200	10	11	0.372715004	1.480860015	0.241388217	0.561572506	0.034558706	1	1	0	0	0	0	0.14	0.56	0.09	0.21
44409600	10	11	0.372715004	1.480860015	0.241388217	0.561572506	0.034558706	1	1	0	0	0	0	0.14	0.56	0.09	0.21
44496000	10	11	0.372715004	1.480860015	0.241388217	0.561572506	0.034558706	1	1	0	0	0	0	0.14	0.56	0.09	0.21
44582400	10	11	0.372715004	1.480860015	0.241388217	0.561572506	0.034558706	1	1	0	0	0	0	0.14	0.56	0.09	0.21
44668800	10	11	0.372715004	1.480860015	0.241388217	0.561572506	0.034558706	1	1	0	0	0	0	0.14	0.56	0.09	0.21
44755200	10	11	0.372715004	1.480860015	0.241388217	0.561572506	0.034558706	1	1	0	0	0	0	0.14	0.56	0.09	0.21
44841600	10	11	0.372715004	1.480860015	0.241388217	0.561572506	0.034558706	1	1	0	0	0	0	0.14	0.56	0.09	0.21
44928000	10	11	0.372715004	1.480860015	0.241388217	0.561572506	0.034558706	1	1	0	0	0	0	0.14	0.56	0.09	0.21
45014400	10	11	0.372715004	1.480860015	0.241388217	0.561572506	0.034558706	1	1	0	0	0	0	0.14	0.56	0.09	0.21
45100800	10	11	0.372715004	1.480860015	0.241388217	0.561572506	0.034558706	1	1	0	0	0	0	0.14	0.56	0.09	0.21
45187200	10	11	0.372715004	1.480860015	0.241388217	0.561572506	0.034558706	1	1	0	0	0	0	0.14	0.56	0.09	0.21
45273600	10	11	0.372715004	1.480860015	0.241388217	0.561572506	0.034558706	1	1	0	0	0	0	0.14	0.56	0.09	0.21
45360000	10	11	0.372715004	1.480860015	0.241388217	0.561572506	0.034558706	1	1	0	0	0	0	0.14	0.56	0.09	0.21
45446400	10	11	0.372715004	1.480860015	0.241388217	0.561572506	0.034558706	1	1	0	0	0	0	0.14	0.56	0.09	0.21
45532800	10	11	0.372715004	1.480860015	0.241388217	0.561572506	0.034558706	1	1	0	0	0	0	0.14	0.56	0.09	0.21
45619200	10	11	0.372715004	1.480860015	0.241388217	0.561572506	0.034558706	1	1	0	0	0	0	0.14	0.56	0.09	0.21
45705600	10	11	0.372715004	1.480860015	0.241388217	0.561572506	0.034558706	1	1	0	0	0	0	0.14	0.56	0.09	0.21
45792000	10	11	0.372715004	1.480860015	0.241388217	0.561572506	0.034558706	1	1	0	0	0	0	0.14	0.56	0.09	0.21
45878400	10	11	0.372715004	1.480860015	0.241388217	0.561572506	0.034558706	1	1	0	0	0	0	0.14	0.56	0.09	0.21
45964800	10	11	0.372715004	1.480860015	0.241388217	0.561572506	0.034558706	1	1	0	0	0	0	0.14	0.56	0.09	0.21
46051200	10	11	0.372715004	1.480860015	0.241388217	0.561572506	0.034558706	1	1	0	0	0	0	0.14	0.56	0.09	0.21
46137600	10	11	0.372715004	1.480860015	0.241388217	0.561572506	0.034558706	1	1	0	0	0	0	0.14	0.56	0.09	0.21
46224000	10	11	0.372715004	1.480860015	0.241388217	0.561572506	0.034558706	1	1	0	0	0	0	0.14	0.56	0.09	0.21
46310400	10	11	0.372715004	1.480860015	0.241388217	0.561572506	0.034558706	1	1	0	0	0	0	0.14	0.56	0.09	0.21
46396800	10	11	0.372715004	1.480860015	0.241388217	0.561572506	0.034558706	1	1	0	0	0	0	0.14	0.56	0.09	0.21
46483200	10	11	0.372715004	1.480860015	0.241388217	0.561572506	0.034558706	1	1	0	0	0	0	0.14	0.56	0.09	0.21
46569600	10	11	0.372715004	1.480860015	0.241388217	0.561572506	0.034558706	1	1	0	0	0	0	0.14	0.56	0.09	0.21
46656000	10	11	0.372715004	1.480860015	0.241388217	0.561572506	0.034558706	1	1	0	0	0	0	0.14	0.56	0.09	0.21
46742400	10	11	0.372715004	1.480860015	0.241388217	0.561572506	0.034558706	1	1	0	0	0	0	0.14	0.56	0.09	0.21
46828800	10	11	0.372715004	1.480860015	0.241388217	0.561572506	0.034558706	1	1	0	0	0	0	0.14	0.56	0.09	0.21
46915200	10	11	0.372715004	1.480860015	0.241388217	0.561572506	0.034558706	1	1	0	0	0	0	0.14	0.56	0.09	0.21
47001600	10	11	0.372715004	1.480860015	0.241388217	0.561572506	0.034558706	1	1	0	0	0	0	0.14	0.56	0.09	0.21
47088000	10	11	0.372715004	1.480860015	0.241388217	0.561572506	0.034558706	1	1	0	0	0	0	0.14	0.56	0.09	0.21
47174400	10	11	0.372715004	1.480860015	0.241388217	0.561572506	0.034558706	1	1	0	0	0	0	0.14	0.56	0.09	0.21
47260800	10	11	0.372715004	1.480860015	0.241388217	0.561572506	0.034558706	1	1	0	0	0	0	0.14	0.56	0.09	0.21
47347200	10	11	0.372715004	1.480860015	0.241388217	0.561572506	0.034558706	1	1	0	0	0	0	0.14	0.56	0.09	0.21
47433600	10	11	0.372715004	1.480860015	0.241388217	0.561572506	0.034558706	1	1	0	0	0	0	0.14	0.56	0.09	0.21
47520000	10	11	0.372715004	1.480860015	0.241388217	0.561572506	0.034558706	1	1	0	0	0	0	0.14	0.56	0.09	0.21
47606400	10	11	0.372715004	1.480860015	0.241388217	0.561572506	0.034558706	1	1	0	0	0	0	0.14	0.56	0.09	0.21
47692800	10	11	0.372715004	1.480860015	0.241388217	0.561572506	0.034558706	1	1	0	0	0	0	0.14	0.56	0.09	0.21
47779200	10	11	0.372715004	1.480860015	0.241388217	0.561572506	0.034558706	1	1	0	0	0	0	0.14	0.56	0.09	0.21
47865600	10	11	0.372715004	1.480860015	0.241388217	0.561572506	0.034558706	1	1	0	0	0	0	0.14	0.56	0.09	0.21
47952000	10	11	0.372715004	1.480860015	0.241388217	0.561572506	0.034558706	1	1	0	0	0	0	0.14	0.56	0.09	0.21
48038400	10	11	0.372715004	1.480860015	0.241388217	0.561572506	0.034558706	1	1	0	0	0	0	0.14	0.56	0.09	0.21
48124800	10	11	0.372715004	1.480860015	0.241388217	0.561572506	0.034558706	1	1	0	0	0	0	0.14	0.56	0.09	0.21
48211200	10	11	0.372715004	1.480860015	0.241388217	0.561572506	0.034558706	1	1	0	0	0	0	0.14	0.56	0.09	0.21
48297600	10	11	0.372715004	1.480860015	0.241388217	0.561572506	0.034558706	1	1	0	0	0	0	0.14	0.56	0.09	0.21
48384000	10	11	0.372715004	1.480860015	0.241388217	0.561572506	0.034558706	1	1	0	0	0	0	0.14	0.56	0.09	0.21
48470400	10	11	0.372715004	1.480860015	0.241388217	0.561572506	0.034558706	1	1	0	0	0	0	0.14	0.56	0.09	0.21
48556800	10	11	0.372715004	1.480860015	0.241388217	0.561572506	0.034558706	1	1	0	0	0	0	0.14	0.56	0.09	0.21
48643200	10	11	0.372715004	1.480860015	0.241388217	0.561572506	0.034558706	1	1	0	0	0	0	0.14	0.56	0.09	0.21
48729600	10	11	0.372715004	1.480860015	0.241388217	0.561572506	0.034558706	1	1	0	0	0	0	0.14	0.56	0.09	0.21
48816000	10	11	0.372715004	1.480860015	0.241388217	0.561572506	0.034558706	1	1	0	0	0	0	0.14	0.56	0.09	0.21
48902400	10	11	0.372715004	1.480860015	0.241388217	0.561572506	0.034558706	1	1	0	0	0	0	0.14	0.56	0.09	0.21
48988800	10	11	0.372715004	1.480860015	0.241388217	0.561572506	0.034558706	1	1	0	0	0	0	0.14	0.56	0.09	0.21
49075200	10	11	0.372715004	1.480860015	0.241388217	0.561572506	0.034558706	1	1	0	0	0	0	0.14	0.56	0.09	0.21
49161600	10	11	0.372715004	1.480860015	0.241388217	0.561572506	0.034558706	1	1	0	0	0	0	0.14	0.56	0.09	0.21
49248000	10	11	0.372715004	1.480860015	0.241388217	0.561572506	0.034558706	1	1	0	0	0	0	0.14	0.56	0.09	0.21
49334400	10	11	0.372715004	1.480860015	0.241388217	0.561572506	0.034558706	1	1	0	0	0	0	0.14	0.56	0.09	0.21
49420800	10	11	0.372715004	1.480860015	0.241388217	0.561572506	0.034558706	1	1	0	0	0	0	0.14	0.56	0.09	0.21
49507200	10	11	0.372715004	1.480860015	0.241388217	0.561572506	0.034558706	1	1	0	0	0	0	0.14	0.56	0.09	0.21
49593600	10	11	0.372715004	1.480860015	0.241388217	0.561572506	0.034558706	1	1	0	0	0	0	0.14	0.56	0.09	0.21
49680000	10	11	0.372715004	1.480860015	0.241388217	0.561572506	0.034558706	1	1	0	0	0	0	0.14	0.56	0.09	0.21
49766400	10	11	0.372715004	1.480860015	0.241388217	0.561572506	0.034558706	1	1	0	0	0	0	0.14	0.56	0.09	0.21
49852800	10	11	0.372715004	1.480860015	0.241388217	0.561572506	0.034558706	1	1	0	0	0	0	0.14	0.56	0.09	0.21
49939200	10	11	0.372715004	1.480860015	0.241388217	0.561572506	0.034558706	1	1	0	0	0	0	0.14	0.56	0.09	0.21
50025600	10	11	0.372715004	1.480860015	0.241388217	0.561572506	0.034558706	1	1	0	0	0	0	0.14	0.56	0.09	0.21
50112000	10	11	0.372715004	1.480860015	0.241388217	0.561572506	0.034558706	1	1	0	0	0	0	0.14	0.56	0.09	0.21
50198400	10	11	0.372715004	1.480860015	0.241388217	0.561572506	0.034558706	1	1	0	0	0	0	0.14	0.56	0.09	0.21
50284800	10	11	0.372715004	1.480860015	0.241388217	0.561572506	0.034558706	1	1	0	0	0	0	0.14	0.56	0.09	0.21
50371200	10	11	0.372715004	1.480860015	0.241388217	0.561572506	0.034558706	1	1	0	0	0	0	0.14	0.56	0.09	0.21
50457600	10	11	0.372715004	1.480860015	0.241388217	0.561572506	0.034558706	1	1	0	0	0	0	0.14	0.56	0.09	0.21
50544000	10	11	0.372715004	1.480860015	0.241388217	0.561572506	0.034558706	1	1	0	0	0	0	0.14	0.56	0.09	0.21
50630400	10	11	0.372715004	1.480860015	0.241388217	0.561572506	0.034558706	1	1	0	0	0	0	0.14	0.56	0.09	0.21
50716800	10	11	0.372715004	1.480860015	0.241388217	0.561572506	0.034558706	1	1	0	0	0	0	0.14	0.56	0.09	0.21
50803200	10	11	0.372715004	1.480860015	0.241388217	0.561572506	0.034558706	1	1	0	0	0	0	0.14	0.56	0.09	0.21
50889600	10	11	0.372715004	1.480860015	0.241388217	0.561572506	0.034558706	1	1	0	0	0	0	0.14	0.56	0.09	0.21
50976000	10	11	0.372715004	1.480860015	0.241388217	0.561572506	0.034558706	1	1	0	0	0	0	0.14	0.56	0.09	0.21
51062400	10	11	0.372715004	1.480860015	0.241388217	0.561572506	0.034558706	1	1	0	0	0	0	0.14	0.56	0.09	0.21
51148800	10	11	0.372715004	1.480860015	0.241388217	0.561572506	0.034558706	1	1	0	0	0	0	0.14	0.56	0.09	0.21
51235200	10	11	0.372715004	1.480860015	0.241388217	0.561572506	0.034558706	1	1	0	0	0	0	0.14	0.56	0.09	0.21
51321600	10	11	0.372715004	1.480860015	0.241388217	0.561572506	0.034558706	1	1	0	0	0	0	0.14	0.56	0.09	0.21
51408000	10	11	0.372715004	1.480860015	0.241388217	0.561572506	0.034558706	1	1	0	0	0	0	0.14	0.56	0.09	0.21
51494400	10	11	0.372715004	1.480860015	0.241388217	0.561572506	0.034558706	1	1	0	0	0	0	0.14	0.56	0.09	0.21
51580800	10	11	0.372715004	1.480860015	0.241388217	0.561572506	0.034558706	1	1	0	0	0	0	0.14	0.56	0.09	0.21
51667200	10	11	0.372715004	1.480860015	0.241388217	0.561572506	0.034558706	1	1	0	0	0	0	0.14	0.56	0.09	0.21
51753600	10	11	0.372715004	1.480860015	0.241388217	0.561572506	0.034558706	1	1	0	0	0	0	0.14	0.56	0.09	0.21
51840000	10	11	0.372715004	1.480860015	0.241388217	0.561572506	0.034558706	1	1	0	0	0	0	0.14	0.56	0.09	0.21
